 spans  protobuf  B/span  pb gzip  ratio     json json/pb json gzip
     1       197   197.0      208   0.95      554    2.81       303
     2       348   174.0      256   1.36      948    2.72       360
     5       810   162.0      405   2.00     2139    2.64       515
    10      1607   160.7      648   2.48     4151    2.58       749
    20      3200   160.0     1098   2.91     8174    2.55      1182
    50      7963   159.3     2294   3.47    20227    2.54      2421
   100     15840   158.4     4231   3.74    40254    2.54      4451
   200     31505   157.5     8058   3.91    80217    2.55      8528
   500     78721   157.4    19566   4.02   200333    2.54     20654
  1000    157314   157.3    38746   4.06   400426    2.55     40783
